-2.07974
 1.04231
-1.18849-2.07588
 1.04553
-1.18535-2.0625
1.04912
-1.1766-2.07575
  1.0432
-1.15957-2.07782
 1.02825
-1.14766-2.07736
 1.02485
-1.13254-2.08054
  1.0275
-1.10861-2.08301
 1.02585
-1.09771-2.08471
 1.01354
-1.09275-2.08619
 1.01388
-1.08253-2.09085
0.999684
-1.08166-2.09427
0.997563
-1.07569-2.09369
0.992696
-1.07264-2.09637
0.980791
-1.06788 -2.0995
0.976477
-1.06202-2.10952
0.957664
-1.06902-2.11455
0.959381
-1.07735-2.11486
0.955213
-1.08502-2.11695
0.948092
-1.11778-2.14036
0.938932
-1.13333-2.14322
0.946339
-1.13495-2.14472
0.948965
-1.13884-2.14635
0.956187
-1.13402-2.16584
0.949279
-1.14154-2.17723
0.943794
-1.14101-2.18196
0.951014
-1.14583-2.19592
0.960673
-1.14011-2.20652
0.955006
-1.13717-2.23212
0.958783
-1.14085-2.24275
0.955958
 -1.1377-2.25845
0.954742
-1.13574 -2.2653
0.950063
-1.13627-2.27217
0.949036
-1.13452 -2.2839
0.950565
 -1.1269-2.29208
0.947132
 -1.1219-2.30439
0.940278
-1.11506-2.32475
0.937702
-1.10756-2.34865
 0.92796
-1.10603-2.35772
0.923619
-1.09927-2.36581
0.918126
-1.08931-2.37381
0.913211
-1.08564-2.38476
0.904023
-1.05582 -2.4025
0.883768
-1.03263-2.40321
0.878555
-1.03615-2.41343
0.875447
-1.02889-2.41455
0.859458
-1.02592-2.41418
0.843488
-1.02325-2.41886
 0.83436
-1.02645-2.42156
0.819888
-1.03459-2.42758
0.797397
-1.01988-2.43366
0.783912
-1.01949 -2.4399
0.763233
-1.02045-2.44804
0.745811
-1.01816-2.45793
0.737258
-1.01221-2.46862
0.724277
-1.01084-2.47515
0.706431
-1.01286-2.48594
0.691981
-1.01201 -2.4988
0.685108
-1.01089 -2.5108
0.669803
-1.00533 -2.5241
0.650491
-1.00041  -2.5352
 0.631982
-0.994345 -2.55667
 0.595664
-0.985205 -2.57046
 0.578886
-0.981432 -2.58605
 0.558324
-0.977979 -2.60306
 0.549677
-0.970778 -2.6281
0.522518
-0.95679 -2.65097
 0.526567
-0.945861 -2.66984
 0.515757
-0.941689 -2.68939
 0.499508
-0.932208 -2.70995
 0.487003
-0.920663 -2.72964
 0.478019
-0.912115 -2.74554
 0.476087
-0.900793 -2.77996
 0.458643
-0.885059 -2.79601
 0.451275
-0.880304 -2.81378
 0.445453
-0.877172 -2.82981
 0.443042
-0.873604 -2.84165
 0.440942
-0.872706-2.85564
0.446025
-0.86874 -2.87406
 0.461313
-0.864484  -2.8945
 0.450161
-0.860757-2.91773
0.449946
-0.85774 -2.95548
  0.45104
-0.852605 -2.97338
 0.448201
-0.848603 -2.99649
 0.452335
-0.841036 -3.01785
 0.455946
-0.832343 -3.03741
  0.46169
-0.819734 -3.05512
 0.470182
-0.811261 -3.07302
 0.473683
-0.797674-3.09032
0.485133
 -0.7795  -3.1019
 0.495987
-0.768736  -3.1183
 0.505622
-0.750758 -3.13298
 0.507807
-0.734463 -3.15013
 0.510388
-0.714181 -3.16262
 0.509687
-0.697694 -3.17976
 0.512527
-0.679988 -3.19315
 0.526074
-0.664272 -3.20737
 0.531673
-0.646598 -3.21948
 0.535696
-0.630425  -3.2242
 0.545562
-0.609934 -3.23056
 0.560979
-0.592638 -3.23451
 0.577725
-0.570425 -3.24138
 0.576508
-0.540825  -3.2449
 0.581077
-0.519715 -3.25394
 0.584289
-0.501365 -3.27321
  0.57897
-0.448034 -3.29442
 0.582478
-0.425195-3.32237
0.566022
-0.41169 -3.34122
 0.543151
-0.394333-3.37893
0.546062
-0.40571 -3.44849
 0.554349
-0.395568 -3.47968
 0.541677
-0.404771 -3.54656
 0.545952
-0.410795 -3.57721
 0.540978
-0.408721 -3.61851
 0.562378
-0.427492 -3.65956
 0.563663
-0.440073 -3.72397
 0.567301
-0.469642 -3.73317
 0.578257
-0.488583 -3.77213
 0.583543
-0.533778 -3.78374
 0.592927
-0.534122  -3.8227
 0.600001
-0.561488 -3.84212
 0.619429
-0.572804 -3.86963
 0.619865
-0.586119 -3.89054
 0.634845
-0.598386 -3.90919
 0.647095
-0.611244 -3.93618
 0.649959
-0.623206 -3.95307
 0.661457
-0.632094 -3.97395
 0.676126
-0.641278 -3.99811
 0.681747
-0.649115 -4.01612
 0.692576
-0.658914 -4.03705
 0.700991
-0.666266 -4.09209
  0.70725
-0.677407 -4.11435
 0.707081
-0.687766 -4.12946
 0.714956
-0.695259 -4.15401
 0.712262
-0.704701 -4.16172
 0.718559
-0.717367 -4.2103
0.724247
-0.73127 -4.22836
 0.724624
-0.742808 -4.24673
 0.730041
-0.751722 -4.26268
 0.731202
-0.765854 -4.28502
 0.733445
-0.775444 -4.30167
 0.737231
-0.787745 -4.31642
 0.748124
-0.795357 -4.33699
 0.746926
-0.809899 -4.35855
 0.757359
-0.817423 -4.38542
 0.768972
-0.814465 -4.39791
 0.776838
-0.828614 -4.41388
 0.782752
-0.845481 -4.41047
  0.78548
-0.877429 -4.42564
 0.793842
-0.887219 -4.43633
 0.815015
-0.895159 -4.45345
 0.828298
-0.900647 -4.45684
 0.840913
-0.916303 -4.47617
 0.861533
-0.921016  -4.4817
 0.866336
-0.941443 -4.50705
 0.904012
-0.943918 -4.50672
 0.915508
-0.957046 -4.50869
 0.930376
-0.968956 -4.50676
 0.936951
-0.983991 -4.51104
 0.945674
-0.995068-4.51177
0.954692
-1.00365-4.51176
0.968994
-1.00794-4.5042
0.98018
-1.0199-4.49891
0.987473
-1.02992-4.49528
0.993456
-1.03783-4.49536
 1.00261
-1.04539-4.50105
 1.01085
-1.04954-4.49682
 1.01733
-1.05756 -4.4835
 1.02062
-1.06114-4.48687
 1.03784
-1.05711 -4.4931
 1.04668
-1.05461-4.48255
 1.05367
-1.05099-4.48204
 1.06595
-1.04107-4.47918
 1.07388
-1.03089-4.48052
  1.0848
-1.01882-4.48377
 1.09857
-1.00682 -4.49004
  1.11437
-0.998513 -4.49197
  1.13523
-0.982962 -4.49947
  1.14063
-0.977577 -4.50974
  1.15248
-0.969958 -4.51024
  1.16379
-0.960318  -4.5201
  1.16462
-0.957247 -4.52349
  1.16268
-0.948424 -4.53324
  1.18314
-0.946969 -4.54414
   1.1776
-0.948099   -4.544
  1.17922
-0.941487 -4.54385
  1.18345
-0.934279-4.55946
 1.20352
-0.94563 -4.55933
  1.23228
-0.948646 -4.55316
  1.27984
-0.970117 -4.56878
  1.29991
-0.995518 -4.55992
   1.3397
-0.986013-4.58117
 1.32435
-0.95316 -4.58196
  1.33832
-0.955515 -4.58836
  1.35195
-0.975207-4.59508
  1.3608
-0.99741 -4.59309
  1.38311
-0.984894 -4.57528
  1.38933
-0.992147 -4.58127
  1.39745
-0.997268 -4.58494
  1.41177
-0.999717-4.57874
 1.42198
-1.00228-4.60211
 1.44832
-1.00269-4.60066
 1.46181
-1.00391-4.59282
 1.46342
 -1.0084-4.58172
 1.47003
-1.00484-4.57054
 1.47455
-1.00757-4.56425
 1.47635
-1.01753-4.55596
 1.49286
-1.00932-4.56607
 1.49789
-1.00779-4.57178
 1.50336
-1.01369 -4.5647
 1.50624
-1.00736-4.55966
 1.51361
-1.00678-4.56428
  1.5155
-1.01538-4.56293
 1.51697
-1.02534-4.55273
 1.50975
-1.02694-4.54595
 1.50942
-1.03085-4.54651
 1.50892
-1.03642-4.53903
 1.50472
-1.04047-4.54235
 1.50855
-1.04216 -4.5373
 1.50856
-1.04468-4.53594
 1.50918
-1.03953-4.53015
 1.48957
-1.05886-4.51253
 1.48378
-1.05796 -4.5123
 1.49395
-1.04793 -4.5372
 1.50639
-1.03936-4.54844
 1.50554
-1.04417-4.55681
 1.49218
-1.05123-4.55007
 1.49558
-1.04554-4.56308
 1.49527
 -1.0492 -4.5657
 1.49746
-1.04129-4.57484
 1.49536
-1.05698-4.57273
 1.49671
-1.04113-4.57835
 1.50292
-1.03069-4.57819
  1.4964
-1.03856-4.58446
 1.50488
-1.01798-4.56978
 1.48809
-1.02203-4.57826
 1.49356
-1.01711-4.57599
  1.5008
-1.01115-4.57995
 1.52594
-1.00382-4.58177
 1.52848
-1.00123-4.57593
 1.52079
-1.00355-4.58186
  1.4964
-1.01689-4.58319
 1.49188
-1.01988-4.58323
 1.50345
-1.00683-4.60585
 1.48224
 -1.0242-4.60111
 1.46383
-1.03911-4.59562
 1.47047
-1.02828-4.5979
1.45161
-1.0423-4.58757
   1.448
-1.04221-4.58942
 1.45724
-1.03494-4.58587
 1.43851
-1.04083-4.56627
 1.42672
-1.04006-4.56138
  1.4081
-1.04928-4.56997
 1.40514
-1.05984-4.55314
 1.36863
-1.05645-4.54836
 1.36077
-1.06043-4.54632
 1.34765
-1.06464-4.54724
 1.33963
-1.06256-4.53246
 1.32511
-1.06907-4.53071
 1.31603
-1.06459-4.52737
  1.3027
-1.05979-4.52542
 1.29204
-1.06859-4.51575
 1.28063
-1.06989-4.52775
  1.2796
 -1.0595-4.52549
 1.26515
-1.05928-4.52808
 1.26113
-1.05534-4.52215
 1.24987
-1.05626 -4.5243
  1.2388
-1.05666-4.52321
 1.23543
-1.04673-4.52722
 1.23398
-1.04663-4.53431
 1.23332
-1.03998-4.53421
 1.22431
-1.03842-4.53638
 1.21889
-1.03587-4.53674
 1.20947
-1.03465-4.55042
 1.20274
-1.04023-4.55129
 1.19231
-1.03941-4.55184
 1.17828
-1.04311-4.55346
 1.17032
-1.03455-4.56446
 1.16607
-1.03393-4.56926
 1.15529
-1.03455-4.57026
 1.14387
-1.02984-4.57403
 1.13012
-1.02655-4.57281
 1.11151
-1.02227-4.57188
  1.1013
 -1.0104-4.57777
 1.08522
-1.00572 -4.5783
  1.0686
-0.99573 -4.57644
   1.0544
-0.984294-4.57525
 1.03498
-0.97814 -4.57089
  1.01805
-0.964905 -4.56827
  1.00422
-0.947108 -4.56311
 0.990864
-0.931937 -4.56042
 0.977067
-0.914897 -4.55366
 0.957151
-0.904474 -4.54514
 0.939381
-0.892972 -4.54091
 0.928345
-0.875011 -4.53341
 0.911924
-0.860727 -4.53339
 0.899767
-0.847687  -4.5293
 0.886963
-0.836629 -4.51919
  0.87487
-0.815681 -4.51338
 0.856456
-0.805895 -4.50368
 0.841688
-0.792874-4.49229
0.836805
-0.77649 -4.48399
  0.82872
-0.764819 -4.47525
 0.823975
-0.752432  -4.4537
 0.810161
-0.738036  -4.4368
 0.797711
-0.726536 -4.42418
 0.788823
-0.713381 -4.41031
 0.782149
-0.701363 -4.39594
 0.773594
-0.688379 -4.38392
 0.767045
-0.682084 -4.36507
 0.754195
-0.675714 -4.34856
  0.73912
-0.669641  -4.3333
 0.726422
-0.661416 -4.31096
 0.720345
-0.653475  -4.2895
 0.704797
-0.648506 -4.26993
 0.694977
-0.640279 -4.24303
 0.694253
-0.631419 -4.22813
 0.690807
-0.623361-4.20427
0.680963
-0.61631 -4.16661
 0.683891
-0.605009 -4.13556
 0.679326
-0.597824 -4.12416
  0.67328
-0.591325 -4.11187
 0.671184
-0.575629 -4.09218
 0.672466
-0.558382-4.08285
0.664249
-0.55197 -4.06068
 0.655997
-0.542887 -4.03969
  0.64608
-0.540392 -4.02683
 0.644089
-0.531104 -4.00516
 0.625681
-0.526917 -3.99972
 0.603266
-0.526278 -3.97741
 0.587033
-0.517244 -3.97086
 0.563816
-0.514657  -3.9588
 0.540232
-0.504247 -3.91359
 0.539155
-0.507411 -3.90928
 0.512014
-0.497197 -3.91306
 0.464419
-0.512952 -3.89337
 0.446052
-0.514624 -3.86066
 0.432174
-0.519783 -3.82772
 0.405088
-0.507007 -3.79812
 0.393341
-0.508053  -3.7719
 0.382435
-0.507457-3.75254
0.362972
-0.51022 -3.72559
  0.34974
-0.508455 -3.69635
 0.338571
-0.507056 -3.67024
 0.326414
-0.508983-3.64478
0.316247
-0.50744-3.61671
0.303663
-0.51117 -3.58965
  0.28789
-0.512869-3.56454
0.281777
-0.51884 -3.53626
 0.271478
-0.525393 -3.51134
 0.260229
-0.529553 -3.48649
 0.255802
-0.533971 -3.45221
 0.243561
-0.548546 -3.43026
 0.234555
-0.550817  -3.3903
 0.242561
-0.559093 -3.36023
  0.23595
-0.565339 -3.32564
 0.227338
-0.571913 -3.30879
  0.22982
-0.575054 -3.27708
 0.232143
-0.581452 -3.25227
 0.232832
-0.584521 -3.22681
 0.225224
-0.585316 -3.19602
 0.217105
-0.589669 -3.16788
 0.223211
-0.598381 -3.14337
 0.222768
-0.598241-3.11866
0.226457
-0.60326 -3.09463
 0.237668
-0.603518 -3.07267
  0.24641
-0.602754-3.04872
0.250268
-0.60938 -3.02698
 0.263148
-0.617061  -3.0026
 0.271699
-0.622526  -2.9804
 0.276761
-0.631865 -2.95834
 0.276825
-0.642968 -2.93294
 0.277232
-0.656238 -2.90885
 0.280959
-0.670974-2.88276
0.286607
-0.67989  -2.8614
 0.289966
-0.694279  -2.8415
 0.300484
-0.709359-2.82185
0.312197
-0.72018 -2.80214
 0.317077
-0.724632  -2.7903
 0.353862
-0.713152 -2.7761
0.371885
 -0.7154 -2.75919
 0.389087
-0.720329 -2.73783
 0.391843
-0.720876 -2.72923
  0.41639
-0.718194   -2.698
  0.40866
-0.727458 -2.67401
 0.428698
-0.735506 -2.66893
 0.427021
-0.731044  -2.6483
 0.430192
-0.730163 -2.62536
 0.460204
-0.733258-2.61885
0.442942
 -0.7299-2.59391
0.451812
-0.73652 -2.57324
 0.467538
-0.738186 -2.55722
 0.458559
-0.733542 -2.53755
 0.460412
-0.737037 -2.51914
 0.474118
-0.739858  -2.5012
 0.467506
-0.738713 -2.47779
 0.466071
-0.740359 -2.46339
 0.471186
-0.736129 -2.42552
 0.474192
-0.743838-2.42104
0.473004
-0.73928  -2.4068
 0.476204
-0.737645  -2.3935
 0.474194
-0.749003 -2.38555
 0.470761
-0.742776   -2.387
 0.468412
-0.733203 -2.38151
 0.469366
-0.733904 -2.37604
 0.470279
-0.729091-2.37277
0.474381
-0.73146 -2.36842
 0.474386
-0.732083-2.35908
 0.47817
-0.73369   -2.365
 0.477873
-0.731837-2.37367
0.476829
-0.72978 -2.37066
 0.479628
-0.734837-2.37282
0.481095
-0.73876 -2.37496
 0.482718
-0.733582 -2.37463
 0.485889
-0.732874 -2.37707
 0.488891
-0.736739 -2.37975
 0.492379
-0.740074 -2.37889
 0.499144
-0.745214-2.38584
0.497273
-0.74264 -2.38983
 0.496959
-0.755642 -2.39231
 0.499126
-0.758957 -2.39645
 0.501733
-0.762488 -2.40016
 0.509334
-0.763101 -2.40308
 0.513242
-0.766063 -2.42455
 0.503321
-0.782053 -2.42596
 0.509416
-0.785711 -2.43505
 0.507694
-0.785036  -2.4307
 0.510398
-0.790755 -2.41259
 0.523718
-0.782696 -2.42895
 0.531852
-0.779063 -2.43777
 0.537077
-0.778799 -2.45124
 0.530479
-0.779791  -2.4551
 0.538763
-0.778808 -2.46298
  0.54625
-0.775853 -2.46713
 0.546968
-0.777365 -2.46688
  0.55575
-0.777866 -2.46447
 0.564592
-0.785218 -2.46969
 0.563164
-0.793372-2.47581
0.567455
-0.79766 -2.47774
 0.574567
-0.801891  -2.4868
 0.566827
-0.811308 -2.48926
  0.57957
-0.817546 -2.47365
 0.585612
-0.829145 -2.46894
 0.594147
-0.841253-2.47202
0.603565
-0.85122 -2.47385
 0.603936
-0.856664 -2.47259
 0.613846
-0.869115 -2.47404
 0.624627
-0.877252 -2.47413
  0.63442
-0.885315 -2.46596
 0.646565
-0.896199 -2.46167
 0.664966
-0.907601 -2.45786
 0.680271
-0.918523 -2.45039
 0.685847
-0.927071 -2.44579
 0.704943
-0.938546 -2.43811
 0.720963
-0.949984-2.42845
0.731533
-0.96249 -2.42235
 0.744292
-0.976329 -2.42086
 0.757463
-0.984925 -2.41255
 0.769485
-0.996946-2.40577
0.779933
-1.01301-2.40299
0.796628
-1.02589-2.39968
0.804218
-1.03967-2.40084
0.820693
-1.05043-2.39917
  0.8297
-1.06219-2.39377
0.845511
-1.07563-2.39301
0.861139
-1.08871-2.38672
0.868419
-1.10588-2.38339
0.885371
-1.12172-2.37844
 0.89858
-1.13937-2.37936
0.914621
-1.14958-2.37746
0.928582
-1.16268-2.37285
0.940792
-1.17461-2.37219
0.957382
-1.18412-2.36911
0.966447
-1.18954-2.36463
0.974403
-1.19557-2.36451
0.983736
-1.20008-2.36041
0.988041
-1.19755-2.35928
0.991379
-1.20003-2.35909
0.991965
-1.19598-2.35943
0.993172
-1.18921-2.35923
0.992053
-1.18569-2.36011
0.991905
 -1.1729 -2.3601
0.984313
-1.16196-2.35962
 0.98092
-1.15113-2.36567
0.990687
-1.13888-2.36494
0.980028
-1.12075-2.36625
0.982716
-1.10332-2.37122
0.980768
 -1.0824-2.36625
 0.97312
 -1.0653-2.36365
0.971457
-1.05021-2.36334
0.974186
-1.02785   -2.36
0.971369
-1.00644 -2.35881
 0.973821
-0.982765-2.35536
 0.96789
-0.96312 -2.35249
 0.971956
-0.945595 -2.34792
 0.962997
-0.922976 -2.34006
 0.957167
-0.898634 -2.35246
 0.951059
-0.868265 -2.35454
 0.936844
-0.837851 -2.35271
 0.926054
-0.820012 -2.35449
 0.910816
-0.798297 -2.35804
 0.898763
-0.772353 -2.36285
 0.884569
-0.750219-2.37178
0.868597
-0.72393 -2.38282
 0.843648
-0.701013  -2.3833
 0.814492
-0.688538 -2.39983
 0.793556
-0.669576 -2.42132
 0.781692
-0.643724 -2.43978
 0.754664
-0.629037 -2.46186
 0.742792
-0.605548 -2.47848
 0.731122
-0.594441 -2.49804
  0.71586
-0.579786 -2.50238
  0.68694
-0.582192 -2.52262
 0.669992
-0.571861-2.54268
 0.67072
-0.56411 -2.55406
 0.650535
-0.559405 -2.57295
  0.65023
-0.562333 -2.58924
  0.64874
-0.557397 -2.60151
 0.634308
-0.556751 -2.61571
 0.609798
-0.559198 -2.63534
 0.606455
-0.558301 -2.64996
 0.599499
-0.558087 -2.66533
 0.596223
-0.554754 -2.68817
 0.586267
-0.554663 -2.70501
 0.591435
-0.555277-2.72903
0.593855
-0.55161 -2.74627
 0.595435
-0.550687 -2.75909
 0.589736
-0.550486 -2.77219
  0.58898
-0.549608 -2.77939
 0.590103
-0.549027 -2.79466
 0.590553
-0.549557 -2.81544
 0.597336
-0.547708 -2.83027
 0.588645
-0.546064-2.84408
0.584789
-0.54843 -2.85626
 0.591995
-0.549046 -2.87341
  0.59695
-0.549539 -2.89481
 0.598123
-0.547653 -2.90576
 0.602479
-0.541798 -2.92199
 0.622184
-0.538393-2.93395
0.609204
-0.54033 -2.94391
  0.62107
-0.537509 -2.95796
 0.620151
-0.534279 -2.97617
 0.615009
-0.531931  -2.9905
 0.617484
-0.537764 -2.99925
 0.628019
-0.539874 -3.00664
 0.614472
-0.546633 -3.01751
 0.595572
-0.549716 -3.03362
 0.589337
-0.551856-3.04504
0.578774
-0.56183  -3.0487
 0.564442
-0.580855 -3.05564
 0.558554
-0.588945 -3.06967
 0.551784
-0.596219 -3.06986
  0.53935
-0.605116 -3.07753
 0.533594
-0.614744 -3.08788
 0.513813
-0.618647 -3.08598
 0.504384
-0.635967 -3.08638
 0.494028
-0.646756 -3.08496
 0.481314
-0.655207 -3.08629
 0.469918
-0.662038  -3.0901
 0.469268
-0.667779 -3.08581
 0.462137
-0.675933 -3.08583
 0.460811
-0.682412 -3.08458
  0.44354
-0.691955 -3.07951
 0.435093
-0.702127 -3.08467
 0.431474
-0.707899-3.08502
0.420815
-0.71742 -3.07898
 0.414256
-0.726238 -3.08439
  0.40855
-0.735646 -3.07724
 0.390308
-0.746577 -3.07711
  0.38903
-0.755692 -3.07541
 0.374963
-0.765575 -3.07522
 0.365992
-0.771971 -3.07617
 0.357524
-0.781058 -3.07439
 0.347184
-0.790684  -3.0752
 0.343198
-0.799933 -3.07225
  0.33817
-0.807466 -3.07337
 0.331028
-0.816108 -3.07733
 0.328027
-0.824874 -3.07637
 0.326081
-0.832103 -3.07668
 0.323405
-0.837686 -3.07597
 0.325672
-0.843012 -3.07602
 0.328224
-0.847616 -3.07898
  0.32306
-0.851567-3.08087
 0.32315
-0.85464 -3.08198
 0.326179
-0.857063 -3.07835
 0.322432
-0.861472 -3.07799
  0.32722
-0.862629 -3.07779
  0.32978
-0.862519 -3.07887
 0.328868
-0.862227 -3.07996
 0.327452
-0.860986-3.07995
0.330453
-0.85897 -3.07796
 0.334909
-0.855427 -3.07775
 0.332411
-0.853893 -3.07712
  0.33451
-0.851156 -3.07765
 0.332291
-0.849136 -3.07805
 0.334729
-0.846383 -3.07637
 0.335229
-0.845266 -3.07396
 0.336793
-0.843925 -3.07419
 0.336824
-0.842817 -3.07348
 0.335211
-0.843086 -3.07308
 0.339886
-0.842281 -3.07309
 0.339296
-0.842963 -3.07442
 0.336943
-0.843858 -3.07224
  0.34229
-0.844663 -3.07113
 0.336091
-0.846579 -3.06933
 0.340484
-0.847793 -3.06807
 0.342899
-0.848441-3.06924
0.339358
-0.84931 -3.06899
 0.343193
-0.848462  -3.0678
 0.341274
-0.849438-3.06823
0.338775
-0.85026 -3.06577
 0.342382
-0.850492 -3.06545
 0.341885
-0.849999